4000380552;BA174900981
92.000000;53.972946
91.800000;53.978555
91.600000;53.975270
91.400000;53.970612
91.200000;53.973580
91.000000;53.970939
90.800000;53.968552
90.600000;53.970157
90.400000;53.970432
90.200000;53.974330
90.000000;53.966376
89.800000;53.977942
89.600000;53.961179
89.400000;53.976685
89.200000;53.964485
89.000000;53.971995
88.800000;53.969714
88.600000;53.976030
88.400000;53.980826
88.200000;53.974636
88.000000;53.969988
87.800000;53.976231
87.600000;53.978375
87.400000;53.970347
87.200000;53.975153
87.000000;53.973157
86.800000;53.968161
86.600000;53.976727
86.400000;53.971932
86.200000;53.973506
86.000000;53.976770
85.800000;53.973379
85.600000;53.979030
85.400000;53.978333
85.200000;53.979104
85.000000;53.975724
84.800000;53.971530
84.600000;53.982167
84.400000;53.968985
84.200000;53.979505
84.000000;53.976886
83.800000;53.979516
83.600000;53.969386
83.400000;0.000433
83.200000;0.000102
83.000000;0.000053
82.800000;0.000034
82.600000;0.000025
82.400000;0.000019
82.200000;0.000016
82.000000;0.000011
82.200000;0.000010
82.400000;0.000009
82.600000;0.000009
82.800000;0.000008
83.000000;0.000008
83.200000;0.000007
83.400000;0.000007
83.600000;0.000007
83.800000;0.000008
84.000000;0.000008
84.200000;0.000008
84.400000;0.000008
84.600000;0.000007
84.800000;0.000007
85.000000;0.000007
85.200000;0.000007
85.400000;0.000007
85.600000;0.000007
85.800000;0.000007
86.000000;0.000007
86.200000;0.000007
86.400000;0.000007
86.600000;0.000007
86.800000;0.000007
87.000000;0.000007
87.200000;0.000007
87.400000;0.000007
87.600000;0.000007
87.800000;0.000007
88.000000;0.000007
88.200000;0.000007
88.400000;0.000007
88.600000;0.000007
88.800000;0.000007
89.000000;0.000006
89.200000;0.000006
89.400000;0.000006
89.600000;0.000006
89.800000;0.000007
90.000000;53.978005
90.200000;53.977857
90.400000;53.971594
90.600000;53.978681
90.800000;53.974182
91.000000;53.977086
91.200000;53.974594
91.400000;53.972175
91.600000;53.980319
91.800000;53.973347
282.000000;53.976453
282.200000;53.975143
282.400000;53.980076
282.600000;53.981998
282.800000;53.974657
283.000000;53.977530
283.200000;53.976252
283.400000;53.977002
283.600000;53.977688
283.800000;53.986075
284.000000;53.983424
284.200000;53.979769
284.400000;53.970421
284.600000;53.980076
284.800000;53.978724
285.000000;53.983677
285.200000;53.980202
285.400000;53.985621
285.600000;53.983741
285.800000;53.968520
286.000000;53.978343
286.200000;53.978322
286.400000;53.974150
286.600000;53.983973
286.800000;53.981407
287.000000;53.975935
287.200000;0.000465
287.400000;0.000104
287.600000;0.000054
287.800000;0.000035
288.000000;0.000026
288.200000;0.000020
288.400000;0.000017
288.600000;0.000014
288.800000;0.000013
289.000000;0.000012
289.200000;0.000011
289.400000;0.000010
289.600000;0.000010
289.800000;0.000009
290.000000;0.000009
290.200000;0.000009
290.400000;0.000008
290.600000;0.000009
290.800000;0.000008
291.000000;0.000008
291.200000;0.000008
291.400000;0.000008
291.600000;0.000008
291.800000;0.000008
292.000000;0.000008
291.800000;0.000008
291.600000;0.000007
291.400000;0.000008
291.200000;0.000007
291.000000;0.000008
290.800000;0.000007
290.600000;0.000007
290.400000;0.000008
290.200000;0.000007
290.000000;0.000007
289.800000;0.000007
289.600000;0.000007
289.400000;0.000007
289.200000;0.000007
289.000000;0.000007
288.800000;0.000007
288.600000;0.000007
288.400000;0.000007
288.200000;0.000007
288.000000;0.000006
287.800000;0.000007
287.600000;0.000007
287.400000;0.000007
287.200000;0.000007
287.000000;0.000007
286.800000;0.000007
286.600000;0.000006
286.400000;0.000006
286.200000;0.000006
286.000000;0.000006
285.800000;0.000006
285.600000;0.000006
285.400000;0.000007
285.200000;0.000006
285.000000;0.000006
284.800000;0.000006
284.600000;0.000006
284.400000;0.000006
284.200000;0.000006
284.000000;0.000006
283.800000;0.000004
283.600000;53.981945
283.400000;53.974435
283.200000;53.980181
283.000000;53.968837
282.800000;53.974530
282.600000;53.977160
282.400000;53.978850
282.200000;53.983688
280.000000;53.976041
279.800000;53.974488
279.600000;53.982473
279.400000;53.977319
279.200000;53.980139
279.000000;53.976748
278.800000;53.979336
278.600000;53.977541
278.400000;53.977910
278.200000;53.969302
278.000000;53.983065
277.800000;53.970083
277.600000;53.975111
277.400000;53.983561
277.200000;53.978037
277.000000;53.978079
276.800000;53.976020
276.600000;53.978132
276.400000;53.979495
276.200000;53.979336
276.000000;53.983857
275.800000;53.983688
275.600000;53.980889
275.400000;53.980424
275.200000;53.981533
275.000000;53.973643
274.800000;53.986022
274.600000;53.986329
274.400000;53.975872
274.200000;53.972861
274.000000;53.975629
273.800000;53.983635
273.600000;53.980783
273.400000;53.971414
273.200000;53.981385
273.000000;53.977234
272.800000;53.984332
272.600000;53.981914
272.400000;53.978280
272.200000;53.981480
272.000000;53.979706
271.800000;53.986984
271.600000;53.975576
271.400000;53.981607
271.200000;53.981671
271.000000;53.984343
270.800000;53.978998
270.600000;53.981597
270.400000;53.976569
270.200000;53.981586
270.000000;53.978438
269.800000;53.975713
269.600000;53.981702
269.400000;53.984470
269.200000;53.981142
269.000000;53.984575
268.800000;53.984586
268.600000;53.979526
268.400000;53.979009
268.200000;53.981998
268.000000;53.978882
267.800000;53.978280
267.600000;53.982093
267.400000;53.979241
267.200000;53.981882
267.000000;53.979917
266.800000;53.971013
266.600000;53.981914
266.400000;53.980055
266.200000;53.980678
266.000000;53.984354
265.800000;53.979368
265.600000;53.982347
265.400000;53.982135
265.200000;53.984681
265.000000;53.987406
264.800000;53.982051
264.600000;53.979706
264.400000;53.981417
264.200000;53.980171
264.000000;53.982230
263.800000;53.977498
263.600000;53.981322
263.400000;53.980562
263.200000;53.985431
263.000000;53.979463
262.800000;53.985167
262.600000;53.972059
262.400000;53.979664
262.200000;53.977308
262.000000;53.971499
261.800000;53.978502
261.600000;53.977108
261.400000;53.985188
261.200000;53.982484
261.000000;53.981956
260.800000;53.985346
260.600000;53.982135
260.400000;53.984480
260.200000;53.985294
260.000000;53.974625
259.800000;53.979516
259.600000;53.988103
259.400000;53.979262
259.200000;53.981174
259.000000;53.977350
258.800000;53.985346
258.600000;53.982516
258.400000;53.978090
258.200000;53.982294
258.000000;53.982737
257.800000;53.983213
257.600000;53.979970
257.400000;53.974615
257.200000;53.981787
257.000000;53.985716
256.800000;53.984206
256.600000;53.977562
256.400000;53.987353
256.200000;53.978143
256.000000;53.979019
255.800000;53.980815
255.600000;40.466081
255.400000;0.000207
255.200000;0.000096
255.000000;0.000032
255.200000;0.000026
255.400000;0.000023
255.600000;0.000020
255.800000;0.000018
256.000000;0.000016
256.200000;0.000016
256.400000;0.000015
256.600000;0.000014
256.800000;0.000014
257.000000;0.000013
257.200000;0.000013
257.400000;0.000012
257.600000;0.000012
257.800000;0.000012
258.000000;0.000012
258.200000;0.000011
258.400000;0.000011
258.600000;0.000011
258.800000;0.000011
259.000000;0.000011
259.200000;0.000011
259.400000;0.000011
259.600000;0.000011
259.800000;0.000011
260.000000;0.000011
260.200000;0.000010
260.400000;0.000011
260.600000;0.000010
260.800000;0.000010
261.000000;0.000010
261.200000;0.000010
261.400000;0.000010
261.600000;0.000010
261.800000;0.000010
262.000000;0.000010
262.200000;0.000010
262.400000;0.000010
262.600000;0.000010
262.800000;0.000010
263.000000;0.000010
263.200000;0.000010
263.400000;0.000010
263.600000;0.000010
263.800000;0.000009
264.000000;0.000010
264.200000;0.000009
264.400000;0.000009
264.600000;0.000009
264.800000;0.000009
265.000000;0.000010
265.200000;0.000009
265.400000;0.000009
265.600000;0.000009
265.800000;0.000009
266.000000;0.000009
266.200000;0.000009
266.400000;0.000009
266.600000;0.000009
266.800000;0.000009
267.000000;0.000009
267.200000;0.000008
267.400000;0.000009
267.600000;0.000009
267.800000;0.000008
268.000000;0.000008
268.200000;0.000008
268.400000;0.000008
268.600000;0.000008
268.800000;0.000008
269.000000;0.000008
269.200000;0.000008
269.400000;0.000008
269.600000;0.000008
269.800000;0.000008
270.000000;0.000008
270.200000;0.000008
270.400000;0.000008
270.600000;0.000008
270.800000;0.000008
271.000000;0.000008
271.200000;0.000007
271.400000;0.000008
271.600000;0.000008
271.800000;0.000007
272.000000;0.000007
272.200000;0.000007
272.400000;0.000007
272.600000;0.000007
272.800000;0.000007
273.000000;0.000007
273.200000;0.000007
273.400000;0.000007
273.600000;0.000007
273.800000;0.000007
274.000000;0.000007
274.200000;0.000007
274.400000;0.000006
274.600000;0.000006
274.800000;0.000006
275.000000;0.000006
275.200000;0.000007
275.400000;53.982389
275.600000;53.980076
275.800000;53.983118
276.000000;53.978343
276.200000;53.982304
276.400000;53.977023
276.600000;53.979125
276.800000;53.983857
277.000000;53.975734
277.200000;53.984132
277.400000;53.981956
277.600000;53.985896
277.800000;53.979019
278.000000;53.978639
278.200000;53.973189
278.400000;53.979695
278.600000;53.982083
278.800000;53.979188
279.000000;53.979294
279.200000;53.987491
279.400000;53.984702
279.600000;53.974562
279.800000;53.982442
399.000000;53.987374
399.200000;53.986603
399.400000;53.984628
399.600000;53.978893
399.800000;53.976717
400.000000;53.981713
400.200000;53.985156
400.400000;53.981702
400.600000;53.987374
400.800000;53.980488
401.000000;53.984491
401.200000;53.989994
401.400000;53.984459
401.600000;53.981660
401.800000;53.978819
402.000000;53.976315
402.200000;53.979210
402.400000;53.986962
402.600000;53.980002
402.800000;53.978840
403.000000;53.981343
403.200000;53.986720
403.400000;53.983931
403.600000;53.986793
403.800000;53.989645
404.000000;53.981185
404.200000;53.980921
404.400000;53.986804
404.600000;53.983994
404.800000;53.982241
405.000000;53.976083
405.200000;53.981132
405.400000;53.986360
405.600000;53.985632
405.800000;53.986603
406.000000;53.981269
406.200000;53.981026
406.400000;53.980445
406.600000;53.980509
406.800000;53.983730
407.000000;53.981216
407.200000;53.977995
407.400000;53.980181
407.600000;53.983371
407.800000;53.983329
408.000000;53.985040
408.200000;53.986075
408.400000;53.985093
408.600000;53.977118
408.800000;53.986117
409.000000;53.983276
409.200000;53.980720
409.400000;53.983276
409.600000;53.979611
409.800000;53.983994
410.000000;53.979495
410.200000;53.976822
410.400000;0.000771
410.600000;0.000151
410.800000;0.000079
411.000000;0.000051
411.200000;0.000038
411.400000;0.000030
411.600000;0.000025
411.800000;0.000021
412.000000;0.000015
411.800000;0.000014
411.600000;0.000013
411.400000;0.000013
411.200000;0.000013
411.000000;0.000012
410.800000;0.000012
410.600000;0.000011
410.400000;0.000011
410.200000;0.000011
410.000000;0.000011
409.800000;0.000010
409.600000;0.000011
409.400000;0.000010
409.200000;0.000010
409.000000;0.000010
408.800000;0.000011
408.600000;0.000010
408.400000;0.000010
408.200000;0.000010
408.000000;0.000010
407.800000;0.000010
407.600000;0.000010
407.400000;0.000010
407.200000;0.000010
407.000000;0.000010
406.800000;0.000010
406.600000;0.000010
406.400000;0.000010
406.200000;0.000010
406.000000;0.000010
405.800000;0.000010
405.600000;0.000010
405.400000;0.000009
405.200000;0.000010
405.000000;53.983339
404.800000;53.984882
404.600000;53.985114
404.400000;53.988219
404.200000;53.985706
404.000000;53.985579
403.800000;53.986709
403.600000;53.980382
403.400000;53.984681
403.200000;53.989466
403.000000;53.977615
402.800000;53.986677
402.600000;53.989677
402.400000;53.975977
402.200000;53.987248
402.000000;53.982156
401.800000;53.990184
401.600000;53.984913
401.400000;53.984998
401.200000;53.980107
401.000000;53.985114
400.800000;53.990057
400.600000;53.985230
400.400000;53.988156
400.200000;53.982463
400.000000;53.991272
399.800000;53.987163
399.600000;53.985769
399.400000;53.976759
399.200000;53.985790
399.000000;53.983054
398.800000;53.983118
398.600000;53.979843
398.400000;53.985779
398.200000;53.988705
4000416647;BA180801787
92.000000;53.942145
91.800000;53.938934
91.600000;53.939325
91.400000;53.945399
91.200000;53.940128
91.000000;53.945906
90.800000;53.946265
90.600000;53.946603
90.400000;53.943455
90.200000;53.941575
90.000000;53.944554
89.800000;53.942188
89.600000;53.942853
89.400000;53.942557
89.200000;53.945515
89.000000;53.951187
88.800000;53.945937
88.600000;53.943540
88.400000;53.944089
88.200000;53.946613
88.000000;53.946803
87.800000;53.946814
87.600000;53.946920
87.400000;53.944944
87.200000;53.947490
87.000000;53.953130
86.800000;53.950469
86.600000;53.950680
86.400000;53.948060
86.200000;53.951102
86.000000;53.948557
85.800000;53.950469
85.600000;53.949138
85.400000;53.954620
85.200000;53.951778
85.000000;53.951979
84.800000;53.952306
84.600000;53.949391
84.400000;53.946772
84.200000;53.946867
84.000000;53.950638
83.800000;53.952803
83.600000;53.947680
83.400000;53.948050
83.200000;0.000543
83.000000;0.000108
82.800000;0.000055
82.600000;0.000035
82.400000;0.000026
82.200000;0.000020
82.000000;0.000012
82.200000;0.000011
82.400000;0.000011
82.600000;0.000009
82.800000;0.000009
83.000000;0.000009
83.200000;0.000008
83.400000;0.000008
83.600000;0.000008
83.800000;0.000008
84.000000;0.000008
84.200000;0.000008
84.400000;0.000008
84.600000;0.000008
84.800000;0.000008
85.000000;0.000008
85.200000;0.000008
85.400000;0.000008
85.600000;0.000007
85.800000;0.000007
86.000000;0.000007
86.200000;0.000007
86.400000;0.000007
86.600000;0.000007
86.800000;0.000007
87.000000;0.000007
87.200000;0.000007
87.400000;0.000007
87.600000;0.000007
87.800000;0.000007
88.000000;0.000007
88.200000;0.000007
88.400000;0.000007
88.600000;0.000007
88.800000;0.000007
89.000000;0.000007
89.200000;0.000007
89.400000;0.000007
89.600000;0.000007
89.800000;53.948515
90.000000;53.946835
90.200000;53.950131
90.400000;53.950532
90.600000;53.954673
90.800000;53.951366
91.000000;53.951578
91.200000;53.952053
91.400000;53.950194
91.600000;53.955338
91.800000;53.952718
282.000000;53.957218
282.200000;53.957641
282.400000;53.952296
282.600000;53.952349
282.800000;53.958042
283.000000;53.960809
283.200000;53.952718
283.400000;53.955560
283.600000;53.955634
283.800000;53.961147
284.000000;53.955760
284.200000;53.958623
284.400000;53.958391
284.600000;53.958866
284.800000;53.956278
285.000000;53.958359
285.200000;53.953722
285.400000;53.957672
285.600000;53.962256
285.800000;53.956658
286.000000;53.954144
286.200000;53.959711
286.400000;53.959141
286.600000;53.956996
286.800000;53.960809
287.000000;53.954440
287.200000;53.957334
287.400000;53.957493
287.600000;53.960397
287.800000;53.958834
288.000000;53.957651
288.200000;28.877085
288.400000;0.000150
288.600000;0.000067
288.800000;0.000041
289.000000;0.000030
289.200000;0.000023
289.400000;0.000019
289.600000;0.000016
289.800000;0.000014
290.000000;0.000013
290.200000;0.000012
290.400000;0.000011
290.600000;0.000011
290.800000;0.000010
291.000000;0.000010
291.200000;0.000010
291.400000;0.000009
291.600000;0.000009
291.800000;0.000009
292.000000;0.000009
291.800000;0.000009
291.600000;0.000009
291.400000;0.000009
291.200000;0.000009
291.000000;0.000008
290.800000;0.000009
290.600000;0.000008
290.400000;0.000008
290.200000;0.000009
290.000000;0.000008
289.800000;0.000008
289.600000;0.000008
289.400000;0.000009
289.200000;0.000008
289.000000;0.000008
288.800000;0.000008
288.600000;0.000007
288.400000;0.000008
288.200000;0.000008
288.000000;0.000008
287.800000;0.000008
287.600000;0.000008
287.400000;0.000007
287.200000;0.000008
287.000000;0.000008
286.800000;0.000007
286.600000;0.014599
286.400000;53.951926
286.200000;53.952349
286.000000;53.952951
285.800000;53.953616
285.600000;53.956447
285.400000;53.962140
285.200000;53.954261
285.000000;53.956077
284.800000;53.960450
284.600000;53.955053
284.400000;53.963006
284.200000;53.960936
284.000000;53.955560
283.800000;53.955644
283.600000;53.955771
283.400000;53.958739
283.200000;53.955940
283.000000;53.958950
282.800000;53.961316
282.600000;53.961771
282.400000;53.961834
282.200000;53.956426
280.000000;53.958929
279.800000;53.959162
279.600000;53.956363
279.400000;53.959405
279.200000;53.959510
279.000000;53.962383
278.800000;53.959753
278.600000;53.959764
278.400000;53.956975
278.200000;53.968193
278.000000;53.961950
277.800000;53.960155
277.600000;53.959045
277.400000;53.965309
277.200000;53.965637
277.000000;53.963091
276.800000;53.960440
276.600000;53.966165
276.400000;53.957799
276.200000;53.960640
276.000000;53.966260
275.800000;53.961221
275.600000;53.960862
275.400000;53.963524
275.200000;53.960852
275.000000;53.966344
274.800000;53.958348
274.600000;53.963778
274.400000;53.961095
274.200000;53.958253
274.000000;53.961253
273.800000;53.961200
273.600000;53.961433
273.400000;53.964073
273.200000;53.958560
273.000000;53.962763
272.800000;53.958824
272.600000;53.958908
272.400000;53.961718
272.200000;53.966239
272.000000;53.961697
271.800000;53.963609
271.600000;53.963714
271.400000;53.961950
271.200000;53.964781
271.000000;53.964749
270.800000;53.962109
270.600000;53.964929
270.400000;53.962320
270.200000;53.962330
270.000000;53.962404
269.800000;53.965034
269.600000;53.963059
269.400000;53.962341
269.200000;53.973411
269.000000;53.959785
268.800000;53.967939
268.600000;53.965372
268.400000;53.965446
268.200000;53.970928
268.000000;53.959869
267.800000;53.965700
267.600000;53.965573
267.400000;53.962933
267.200000;53.963144
267.000000;53.965394
266.800000;53.965309
266.600000;53.963112
266.400000;53.963070
266.200000;53.965858
266.000000;53.960313
265.800000;53.963239
265.600000;53.963640
265.400000;53.961200
265.200000;53.963249
265.000000;53.966249
264.800000;53.960746
264.600000;53.960662
264.400000;53.960873
264.200000;53.967337
264.000000;53.964042
263.800000;53.963778
263.600000;53.963947
263.400000;53.967686
263.200000;53.961031
263.000000;53.966513
262.800000;53.972027
262.600000;53.961084
262.400000;53.963894
262.200000;53.969513
262.000000;53.966756
261.800000;53.969936
261.600000;53.973970
261.400000;53.969756
261.200000;53.964432
261.000000;53.967052
260.800000;53.967126
260.600000;53.965563
260.400000;53.961718
260.200000;53.964517
260.000000;53.967327
259.800000;53.965066
259.600000;53.964390
259.400000;53.964580
259.200000;53.964549
259.000000;53.967020
258.800000;53.964443
258.600000;53.961918
258.400000;53.964749
258.200000;53.966809
258.000000;53.970506
257.800000;53.962246
257.600000;53.973305
257.400000;53.966408
257.200000;53.970358
257.000000;53.964939
256.800000;53.965066
256.600000;53.966703
256.400000;53.965341
256.200000;53.962404
256.000000;53.967062
255.800000;53.968140
255.600000;53.971383
255.400000;53.962605
255.200000;0.000263
255.000000;0.000043
255.200000;0.000034
255.400000;0.000028
255.600000;0.000024
255.800000;0.000021
256.000000;0.000018
256.200000;0.000017
256.400000;0.000016
256.600000;0.000016
256.800000;0.000015
257.000000;0.000014
257.200000;0.000014
257.400000;0.000013
257.600000;0.000013
257.800000;0.000013
258.000000;0.000012
258.200000;0.000012
258.400000;0.000012
258.600000;0.000012
258.800000;0.000012
259.000000;0.000012
259.200000;0.000012
259.400000;0.000011
259.600000;0.000011
259.800000;0.000011
260.000000;0.000011
260.200000;0.000011
260.400000;0.000011
260.600000;0.000011
260.800000;0.000011
261.000000;0.000011
261.200000;0.000011
261.400000;0.000011
261.600000;0.000011
261.800000;0.000011
262.000000;0.000011
262.200000;0.000011
262.400000;0.000011
262.600000;0.000010
262.800000;0.000011
263.000000;0.000011
263.200000;0.000010
263.400000;0.000011
263.600000;0.000010
263.800000;0.000010
264.000000;0.000010
264.200000;0.000010
264.400000;0.000010
264.600000;0.000010
264.800000;0.000010
265.000000;0.000010
265.200000;0.000010
265.400000;0.000010
265.600000;0.000009
265.800000;0.000010
266.000000;0.000009
266.200000;0.000009
266.400000;0.000010
266.600000;0.000009
266.800000;0.000009
267.000000;0.000009
267.200000;0.000009
267.400000;0.000009
267.600000;0.000009
267.800000;0.000009
268.000000;0.000009
268.200000;0.000009
268.400000;0.000009
268.600000;0.000009
268.800000;0.000009
269.000000;0.000009
269.200000;0.000009
269.400000;0.000009
269.600000;0.000009
269.800000;0.000009
270.000000;0.000009
270.200000;0.000009
270.400000;0.000009
270.600000;0.000009
270.800000;0.000008
271.000000;0.000009
271.200000;0.000008
271.400000;0.000008
271.600000;0.000009
271.800000;0.000008
272.000000;0.000008
272.200000;0.000008
272.400000;0.000008
272.600000;0.000008
272.800000;0.000008
273.000000;0.000008
273.200000;0.000008
273.400000;0.000008
273.600000;0.000008
273.800000;0.000008
274.000000;0.000008
274.200000;0.000008
274.400000;0.000008
274.600000;0.000008
274.800000;0.000008
275.000000;0.000009
275.200000;53.965372
275.400000;53.960545
275.600000;53.961042
275.800000;53.961401
276.000000;53.963186
276.200000;53.964792
276.400000;53.959648
276.600000;53.962658
276.800000;53.961739
277.000000;53.968457
277.200000;53.960419
277.400000;53.960619
277.600000;53.960883
277.800000;53.969143
278.000000;53.968034
278.200000;53.963936
278.400000;53.961190
278.600000;53.966482
278.800000;53.969566
279.000000;53.966724
279.200000;53.970833
279.400000;53.964887
279.600000;53.964432
279.800000;53.967422
399.000000;53.965446
399.200000;53.968573
399.400000;53.965943
399.600000;53.967971
399.800000;53.971530
400.000000;53.965605
400.200000;53.971647
400.400000;53.964781
400.600000;53.963281
400.800000;53.967675
401.000000;53.965341
401.200000;53.967591
401.400000;53.971837
401.600000;53.971964
401.800000;53.976379
402.000000;53.974657
402.200000;53.968119
402.400000;53.970390
402.600000;53.971647
402.800000;53.963598
403.000000;53.971171
403.200000;53.973759
403.400000;53.966270
403.600000;53.974604
403.800000;53.969217
404.000000;53.969946
404.200000;53.966323
404.400000;53.968953
404.600000;53.969143
404.800000;53.979188
405.000000;53.969492
405.200000;53.969312
405.400000;53.975153
405.600000;53.966228
405.800000;53.966207
406.000000;53.966038
406.200000;53.966365
406.400000;53.966323
406.600000;53.969143
406.800000;53.969576
407.000000;53.973326
407.200000;53.971097
407.400000;53.969175
407.600000;53.969101
407.800000;53.977319
408.000000;53.965256
408.200000;53.966196
408.400000;53.968858
408.600000;53.966291
408.800000;53.971805
409.000000;53.970347
409.200000;53.969481
409.400000;53.967665
409.600000;53.969502
409.800000;53.966809
410.000000;53.971816
410.200000;0.000721
410.400000;0.000150
410.600000;0.000079
410.800000;0.000053
411.000000;0.000039
411.200000;0.000031
411.400000;0.000026
411.600000;0.000022
411.800000;0.000020
412.000000;0.000015
411.800000;0.000015
411.600000;0.000014
411.400000;0.000013
411.200000;0.000013
411.000000;0.000012
410.800000;0.000012
410.600000;0.000012
410.400000;0.000012
410.200000;0.000011
410.000000;0.000011
409.800000;0.000011
409.600000;0.000011
409.400000;0.000011
409.200000;0.000011
409.000000;0.000011
408.800000;0.000010
408.600000;0.000011
408.400000;0.000010
408.200000;0.000010
408.000000;0.000010
407.800000;0.000011
407.600000;0.000010
407.400000;0.000010
407.200000;0.000010
407.000000;0.000010
406.800000;0.000010
406.600000;0.000010
406.400000;0.000010
406.200000;0.000010
406.000000;0.000010
405.800000;0.000010
405.600000;0.000010
405.400000;0.000010
405.200000;0.000010
405.000000;0.000010
404.800000;0.000009
404.600000;53.965436
404.400000;53.963630
404.200000;53.969471
404.000000;53.964464
403.800000;53.969777
403.600000;53.967950
403.400000;53.971256
403.200000;53.968446
403.000000;53.963260
402.800000;53.968076
402.600000;53.971868
402.400000;53.966513
402.200000;53.969217
402.000000;53.964137
401.800000;53.972608
401.600000;53.969957
401.400000;53.967422
401.200000;53.964675
401.000000;53.972069
400.800000;53.970432
400.600000;53.970474
400.400000;53.972471
400.200000;53.970707
400.000000;53.973273
399.800000;53.970506
399.600000;53.968763
399.400000;53.972270
399.200000;53.968161
399.000000;53.965626
398.800000;53.968985
398.600000;53.971266
398.400000;53.968657
398.200000;53.974319
4000416638;BA180801796
92.000000;53.956067
91.800000;53.955687
91.600000;53.958771
91.400000;53.953637
91.200000;53.962246
91.000000;53.962468
90.800000;53.954377
90.600000;53.957313
90.400000;53.958887
90.200000;53.963630
90.000000;53.963957
89.800000;53.964052
89.600000;53.961897
89.400000;53.955644
89.200000;53.959119
89.000000;53.959405
88.800000;53.956880
88.600000;53.962637
88.400000;53.965394
88.200000;53.965753
88.000000;53.959214
87.800000;53.960281
87.600000;53.960619
87.400000;53.966186
87.200000;53.960989
87.000000;53.963989
86.800000;53.966904
86.600000;53.966967
86.400000;53.964454
86.200000;53.967263
86.000000;53.966006
85.800000;53.967474
85.600000;53.962193
85.400000;53.965119
85.200000;53.965225
85.000000;53.965383
84.800000;53.968415
84.600000;53.967231
84.400000;53.963165
84.200000;53.960577
84.000000;53.968985
83.800000;53.963535
83.600000;0.000742
83.400000;0.000118
83.200000;0.000060
83.000000;0.000038
82.800000;0.000028
82.600000;0.000022
82.400000;0.000018
82.200000;0.000015
82.000000;0.000012
82.200000;0.000011
82.400000;0.000010
82.600000;0.000010
82.800000;0.000010
83.000000;0.000010
83.200000;0.000010
83.400000;0.000010
83.600000;0.000010
83.800000;0.000010
84.000000;0.000010
84.200000;0.000010
84.400000;0.000010
84.600000;0.000009
84.800000;0.000009
85.000000;0.000010
85.200000;0.000009
85.400000;0.000009
85.600000;0.000009
85.800000;0.000009
86.000000;0.000009
86.200000;0.000009
86.400000;0.000009
86.600000;0.000009
86.800000;0.000009
87.000000;0.000009
87.200000;0.000009
87.400000;0.000009
87.600000;0.000009
87.800000;0.000009
88.000000;0.000009
88.200000;0.000009
88.400000;0.000008
88.600000;0.000009
88.800000;0.000008
89.000000;0.000008
89.200000;0.000008
89.400000;0.000008
89.600000;0.000008
89.800000;0.000008
90.000000;0.000008
90.200000;53.803807
90.400000;53.960936
90.600000;53.967400
90.800000;53.964464
91.000000;53.970337
91.200000;53.967897
91.400000;53.965552
91.600000;53.965689
91.800000;53.971425
282.000000;53.972270
282.200000;53.965985
282.400000;53.971742
282.600000;53.971911
282.800000;53.970274
283.000000;53.974784
283.200000;53.974984
283.400000;53.972217
283.600000;53.975090
283.800000;53.975365
284.000000;53.972935
284.200000;53.968657
284.400000;53.972661
284.600000;53.971879
284.800000;53.975175
285.000000;53.966175
285.200000;53.973263
285.400000;53.975513
285.600000;53.973485
285.800000;53.976094
286.000000;53.970833
286.200000;53.973643
286.400000;53.973696
286.600000;53.976569
286.800000;53.973939
287.000000;53.976748
287.200000;53.973220
287.400000;53.974129
287.600000;53.971942
287.800000;53.977160
288.000000;0.000319
288.200000;0.000095
288.400000;0.000052
288.600000;0.000036
288.800000;0.000027
289.000000;0.000022
289.200000;0.000018
289.400000;0.000016
289.600000;0.000015
289.800000;0.000014
290.000000;0.000013
290.200000;0.000012
290.400000;0.000012
290.600000;0.000011
290.800000;0.000011
291.000000;0.000010
291.200000;0.000010
291.400000;0.000010
291.600000;0.000010
291.800000;0.000010
292.000000;0.000010
291.800000;0.000010
291.600000;0.000010
291.400000;0.000010
291.200000;0.000010
291.000000;0.000010
290.800000;0.000010
290.600000;0.000010
290.400000;0.000010
290.200000;0.000009
290.000000;0.000009
289.800000;0.000009
289.600000;0.000009
289.400000;0.000009
289.200000;0.000009
289.000000;0.000009
288.800000;0.000010
288.600000;0.000009
288.400000;0.000009
288.200000;0.000009
288.000000;0.000009
287.800000;0.000009
287.600000;0.000009
287.400000;0.000009
287.200000;0.000009
287.000000;0.000009
286.800000;0.000009
286.600000;0.000008
286.400000;0.000008
286.200000;0.000008
286.000000;0.000008
285.800000;0.000008
285.600000;0.000008
285.400000;0.000008
285.200000;0.000008
285.000000;0.000008
284.800000;53.975502
284.600000;53.975344
284.400000;53.967210
284.200000;53.971488
284.000000;53.970654
283.800000;53.973717
283.600000;53.973960
283.400000;53.971478
283.200000;53.971710
283.000000;53.971837
282.800000;53.977646
282.600000;53.974826
282.400000;53.975777
282.200000;53.975249
280.000000;53.974889
279.800000;53.968774
279.600000;53.977889
279.400000;53.969745
279.200000;53.974668
279.000000;53.978291
278.800000;53.978301
278.600000;53.974446
278.400000;53.975756
278.200000;53.975301
278.000000;53.978597
277.800000;53.974203
277.600000;53.978798
277.400000;53.978935
277.200000;53.978935
277.000000;53.976231
276.800000;53.976421
276.600000;53.973654
276.400000;53.976273
276.200000;53.968119
276.000000;53.976484
275.800000;53.976653
275.600000;53.976495
275.400000;53.979400
275.200000;53.976653
275.000000;53.973157
274.800000;53.972111
274.600000;53.979674
274.400000;53.971488
274.200000;53.977044
274.000000;53.979674
273.800000;53.976991
273.600000;53.979854
273.400000;53.979970
273.200000;53.977287
273.000000;53.980033
272.800000;53.972798
272.600000;53.977488
272.400000;53.974541
272.200000;53.977477
272.000000;53.980128
271.800000;53.969608
271.600000;53.972333
271.400000;53.976865
271.200000;53.975217
271.000000;53.975016
270.800000;53.971657
270.600000;53.977995
270.400000;53.977942
270.200000;53.975153
270.000000;53.978143
269.800000;53.978143
269.600000;53.980942
269.400000;53.978206
269.200000;53.981132
269.000000;53.978417
268.800000;53.978481
268.600000;53.978565
268.400000;53.978491
268.200000;53.981153
268.000000;53.981343
267.800000;53.973220
267.600000;53.981459
267.400000;53.976030
267.200000;53.981480
267.000000;53.981586
266.800000;53.974118
266.600000;53.981554
266.400000;53.978819
266.200000;53.981829
266.000000;53.978481
265.800000;53.981829
265.600000;53.977646
265.400000;53.981914
265.200000;53.981956
265.000000;53.981945
264.800000;53.976527
264.600000;53.977446
264.400000;53.979389
264.200000;53.982199
264.000000;53.975977
263.800000;53.979326
263.600000;53.982167
263.400000;53.982262
263.200000;53.981671
263.000000;53.979611
262.800000;53.977773
262.600000;53.979664
262.400000;53.975175
262.200000;53.976865
262.000000;53.979643
261.800000;53.979104
261.600000;53.971372
261.400000;53.982452
261.200000;53.982547
261.000000;53.979769
260.800000;53.975101
260.600000;53.982706
260.400000;53.982748
260.200000;53.982759
260.000000;53.982780
259.800000;53.977224
259.600000;53.982790
259.400000;53.982864
259.200000;53.977065
259.000000;53.980139
258.800000;53.976336
258.600000;53.980139
258.400000;53.982959
258.200000;53.983044
258.000000;53.982970
257.800000;53.982917
257.600000;53.980287
257.400000;53.983086
257.200000;53.983139
257.000000;53.977731
256.800000;53.983223
256.600000;53.977604
256.400000;53.983297
256.200000;53.983329
256.000000;53.975259
255.800000;53.982590
255.600000;53.980752
255.400000;53.981987
255.200000;0.000320
255.000000;0.000046
255.200000;0.000035
255.400000;0.000029
255.600000;0.000025
255.800000;0.000022
256.000000;0.000019
256.200000;0.000017
256.400000;0.000016
256.600000;0.000016
256.800000;0.000015
257.000000;0.000014
257.200000;0.000014
257.400000;0.000014
257.600000;0.000013
257.800000;0.000013
258.000000;0.000013
258.200000;0.000013
258.400000;0.000013
258.600000;0.000013
258.800000;0.000012
259.000000;0.000012
259.200000;0.000012
259.400000;0.000012
259.600000;0.000012
259.800000;0.000012
260.000000;0.000012
260.200000;0.000012
260.400000;0.000011
260.600000;0.000012
260.800000;0.000012
261.000000;0.000012
261.200000;0.000012
261.400000;0.000011
261.600000;0.000011
261.800000;0.000011
262.000000;0.000011
262.200000;0.000011
262.400000;0.000011
262.600000;0.000011
262.800000;0.000011
263.000000;0.000011
263.200000;0.000011
263.400000;0.000011
263.600000;0.000011
263.800000;0.000010
264.000000;0.000011
264.200000;0.000010
264.400000;0.000011
264.600000;0.000010
264.800000;0.000010
265.000000;0.000010
265.200000;0.000010
265.400000;0.000010
265.600000;0.000010
265.800000;0.000010
266.000000;0.000010
266.200000;0.000010
266.400000;0.000010
266.600000;0.000010
266.800000;0.000010
267.000000;0.000009
267.200000;0.000009
267.400000;0.000010
267.600000;0.000010
267.800000;0.000010
268.000000;0.000010
268.200000;0.000010
268.400000;0.000010
268.600000;0.000010
268.800000;0.000009
269.000000;0.000009
269.200000;0.000009
269.400000;0.000009
269.600000;0.000009
269.800000;0.000009
270.000000;0.000009
270.200000;0.000009
270.400000;0.000009
270.600000;0.000009
270.800000;0.000009
271.000000;0.000009
271.200000;0.000009
271.400000;0.000008
271.600000;0.000009
271.800000;0.000009
272.000000;0.000008
272.200000;0.000009
272.400000;0.000008
272.600000;0.000008
272.800000;0.000008
273.000000;0.000008
273.200000;0.000008
273.400000;0.000008
273.600000;0.000008
273.800000;0.000008
274.000000;0.000008
274.200000;0.000008
274.400000;0.000008
274.600000;0.000008
274.800000;0.000008
275.000000;0.000009
275.200000;53.979167
275.400000;53.974351
275.600000;53.980308
275.800000;53.975037
276.000000;53.977857
276.200000;53.972534
276.400000;53.978227
276.600000;53.981290
276.800000;53.976400
277.000000;53.981681
277.200000;53.979210
277.400000;53.978407
277.600000;53.982156
277.800000;53.979421
278.000000;53.979769
278.200000;53.982600
278.400000;53.977076
278.600000;53.972956
278.800000;53.975132
279.000000;53.982832
279.200000;53.982896
279.400000;53.980234
279.600000;53.977752
279.800000;53.973442
399.000000;53.985758
399.200000;53.985822
399.400000;53.983044
399.600000;53.980414
399.800000;53.985695
400.000000;53.985938
400.200000;53.983202
400.400000;53.986075
400.600000;53.986181
400.800000;53.986308
401.000000;53.986244
401.200000;53.980731
401.400000;53.977995
401.600000;53.983498
401.800000;53.986329
402.000000;53.986424
402.200000;53.983604
402.400000;53.986318
402.600000;53.983572
402.800000;53.974594
403.000000;53.981459
403.200000;53.983530
403.400000;53.980720
403.600000;53.986255
403.800000;53.986339
404.000000;53.985209
404.200000;53.983466
404.400000;53.980762
404.600000;53.983466
404.800000;53.986350
405.000000;53.986339
405.200000;53.980731
405.400000;53.986297
405.600000;53.986297
405.800000;53.986350
406.000000;53.986234
406.200000;53.978766
406.400000;53.986329
406.600000;53.986160
406.800000;53.986244
407.000000;53.983403
407.200000;53.983445
407.400000;53.986191
407.600000;53.983677
407.800000;53.980667
408.000000;53.983762
408.200000;53.986075
408.400000;53.980783
408.600000;53.983572
408.800000;53.986191
409.000000;53.986139
409.200000;53.986139
409.400000;53.986234
409.600000;53.983466
409.800000;53.986181
410.000000;53.983371
410.200000;53.986065
410.400000;53.980466
410.600000;0.000828
410.800000;0.000155
411.000000;0.000081
411.200000;0.000053
411.400000;0.000039
411.600000;0.000031
411.800000;0.000026
412.000000;0.000017
411.800000;0.000016
411.600000;0.000016
411.400000;0.000015
411.200000;0.000014
411.000000;0.000014
410.800000;0.000013
410.600000;0.000013
410.400000;0.000012
410.200000;0.000013
410.000000;0.000012
409.800000;0.000012
409.600000;0.000012
409.400000;0.000012
409.200000;0.000012
409.000000;0.000011
408.800000;0.000011
408.600000;0.000011
408.400000;0.000011
408.200000;0.000011
408.000000;0.000011
407.800000;0.000011
407.600000;0.000011
407.400000;0.000011
407.200000;0.000011
407.000000;0.000010
406.800000;0.000011
406.600000;0.000010
406.400000;0.000011
406.200000;0.000010
406.000000;0.000010
405.800000;0.000011
405.600000;0.000010
405.400000;53.672555
405.200000;53.983361
405.000000;53.983572
404.800000;53.984649
404.600000;53.982146
404.400000;53.979833
404.200000;53.982611
404.000000;53.985558
403.800000;53.985801
403.600000;53.983329
403.400000;53.986022
403.200000;53.986498
403.000000;53.978417
402.800000;53.984449
402.600000;53.987047
402.400000;53.987089
402.200000;53.984480
402.000000;53.984639
401.800000;53.984744
401.600000;53.982188
401.400000;53.982019
401.200000;53.984850
401.000000;53.987712
400.800000;53.987712
400.600000;53.987966
400.400000;53.986329
400.200000;53.985040
400.000000;53.982516
399.800000;53.988008
399.600000;53.987934
399.400000;53.988135
399.200000;53.988124
399.000000;53.985431
398.800000;53.985473
398.600000;53.988188
398.400000;53.982706
398.200000;53.988230
4000416715;BA180801719
92.000000;53.947522
91.800000;53.948736
91.600000;53.949159
91.400000;53.944723
91.200000;53.947754
91.000000;53.947733
90.800000;53.942388
90.600000;53.947543
90.400000;53.950838
90.200000;53.951176
90.000000;53.951483
89.800000;53.948821
89.600000;53.946138
89.400000;53.949275
89.200000;53.949983
89.000000;53.944226
88.800000;53.952866
88.600000;53.953447
88.400000;53.953616
88.200000;53.955422
88.000000;53.942251
87.800000;53.958623
87.600000;53.949634
87.400000;53.953828
87.200000;53.955116
87.000000;53.948546
86.800000;53.945937
86.600000;53.959986
86.400000;53.957123
86.200000;53.956267
86.000000;53.952137
85.800000;53.950944
85.600000;53.949581
85.400000;53.949983
85.200000;53.952423
85.000000;53.954060
84.800000;53.959172
84.600000;53.955285
84.400000;53.953373
84.200000;53.956194
84.000000;53.948736
83.800000;53.951102
83.600000;0.000387
83.400000;0.000098
83.200000;0.000053
83.000000;0.000035
82.800000;0.000027
82.600000;0.000021
82.400000;0.000018
82.200000;0.000015
82.000000;0.000013
82.200000;0.000011
82.400000;0.000011
82.600000;0.000011
82.800000;0.000010
83.000000;0.000010
83.200000;0.000010
83.400000;0.000010
83.600000;0.000010
83.800000;0.000010
84.000000;0.000010
84.200000;0.000010
84.400000;0.000010
84.600000;0.000009
84.800000;0.000010
85.000000;0.000010
85.200000;0.000010
85.400000;0.000010
85.600000;0.000010
85.800000;0.000009
86.000000;0.000010
86.200000;0.000009
86.400000;0.000009
86.600000;0.000009
86.800000;0.000009
87.000000;0.000009
87.200000;0.000009
87.400000;0.000009
87.600000;0.000009
87.800000;0.000009
88.000000;0.000008
88.200000;0.000008
88.400000;0.000009
88.600000;0.000008
88.800000;0.000008
89.000000;0.000009
89.200000;0.000008
89.400000;0.000008
89.600000;0.000008
89.800000;0.000011
90.000000;53.954979
90.200000;53.957598
90.400000;53.954768
90.600000;53.951810
90.800000;53.954842
91.000000;53.955074
91.200000;53.955370
91.400000;53.956912
91.600000;53.958591
91.800000;53.961390
282.000000;53.952370
282.200000;53.960894
282.400000;53.950764
282.600000;53.954504
282.800000;53.957979
283.000000;53.959373
283.200000;53.961422
283.400000;53.961475
283.600000;53.960704
283.800000;53.963144
284.000000;53.957672
284.200000;53.963281
284.400000;53.959721
284.600000;53.964887
284.800000;53.959415
285.000000;53.962425
285.200000;53.952539
285.400000;53.962489
285.600000;53.957144
285.800000;53.960070
286.000000;53.962816
286.200000;53.965753
286.400000;53.966186
286.600000;53.954757
286.800000;53.960429
287.000000;53.960450
287.200000;53.966048
287.400000;53.960493
287.600000;53.957979
287.800000;53.957958
288.000000;0.000187
288.200000;0.000075
288.400000;0.000046
288.600000;0.000032
288.800000;0.000025
289.000000;0.000020
289.200000;0.000017
289.400000;0.000016
289.600000;0.000014
289.800000;0.000013
290.000000;0.000012
290.200000;0.000012
290.400000;0.000011
290.600000;0.000011
290.800000;0.000011
291.000000;0.000011
291.200000;0.000010
291.400000;0.000010
291.600000;0.000010
291.800000;0.000010
292.000000;0.000010
291.800000;0.000010
291.600000;0.000010
291.400000;0.000010
291.200000;0.000010
291.000000;0.000009
290.800000;0.000009
290.600000;0.000009
290.400000;0.000009
290.200000;0.000009
290.000000;0.000009
289.800000;0.000009
289.600000;0.000009
289.400000;0.000009
289.200000;0.000009
289.000000;0.000009
288.800000;0.000009
288.600000;0.000009
288.400000;0.000009
288.200000;0.000009
288.000000;0.000009
287.800000;0.000009
287.600000;0.000009
287.400000;0.000009
287.200000;0.000009
287.000000;0.000008
286.800000;0.000009
286.600000;0.000008
286.400000;0.000008
286.200000;0.000008
286.000000;0.000008
285.800000;0.000009
285.600000;53.952560
285.400000;53.957366
285.200000;53.961728
285.000000;53.960471
284.800000;53.957091
284.600000;53.960514
284.400000;53.965795
284.200000;53.957884
284.000000;53.958602
283.800000;53.958211
283.600000;53.959172
283.400000;53.961211
283.200000;53.966577
283.000000;53.964897
282.800000;53.961612
282.600000;53.965499
282.400000;53.964623
282.200000;53.963545
280.000000;53.963334
279.800000;53.966154
279.600000;53.962278
279.400000;53.970495
279.200000;53.965668
279.000000;53.962457
278.800000;53.968076
278.600000;53.968224
278.400000;53.957366
278.200000;53.968298
278.000000;53.960186
277.800000;53.957841
277.600000;53.963112
277.400000;53.966767
277.200000;53.968700
277.000000;53.965446
276.800000;53.960968
276.600000;53.963704
276.400000;53.971710
276.200000;53.963556
276.000000;53.961718
275.800000;53.963767
275.600000;53.961221
275.400000;53.969545
275.200000;53.969524
275.000000;53.966661
274.800000;53.958348
274.600000;53.964126
274.400000;53.964823
274.200000;53.956088
274.000000;53.959246
273.800000;53.968024
273.600000;53.963292
273.400000;53.970062
273.200000;53.967855
273.000000;53.970538
272.800000;53.964105
272.600000;53.960873
272.400000;53.970326
272.200000;53.965827
272.000000;53.970274
271.800000;53.973178
271.600000;53.959584
271.400000;53.964876
271.200000;53.967749
271.000000;53.965056
270.800000;53.962014
270.600000;53.962373
270.400000;53.961728
270.200000;53.966133
270.000000;53.960228
269.800000;53.968267
269.600000;53.966904
269.400000;53.969112
269.200000;53.968393
269.000000;53.959552
268.800000;53.973537
268.600000;53.968224
268.400000;53.963418
268.200000;53.973527
268.000000;53.971351
267.800000;53.961063
267.600000;53.971203
267.400000;53.962964
267.200000;53.971657
267.000000;53.968911
266.800000;53.964010
266.600000;53.971668
266.400000;53.966365
266.200000;53.966418
266.000000;53.966091
265.800000;53.968826
265.600000;53.969323
265.400000;53.964158
265.200000;53.966682
265.000000;53.966239
264.800000;53.969429
264.600000;53.964464
264.400000;53.961274
264.200000;53.969312
264.000000;53.971985
263.800000;53.966946
263.600000;53.966798
263.400000;53.969862
263.200000;53.966513
263.000000;53.968594
262.800000;53.967084
262.600000;53.961845
262.400000;53.969207
262.200000;53.967295
262.000000;53.959352
261.800000;53.964454
261.600000;53.965689
261.400000;53.972851
261.200000;53.968700
261.000000;53.967474
260.800000;53.962985
260.600000;53.965510
260.400000;53.973125
260.200000;53.968795
260.000000;53.967559
259.800000;53.973189
259.600000;53.970886
259.400000;53.967855
259.200000;53.974182
259.000000;53.966820
258.800000;53.970601
258.600000;53.967918
258.400000;53.966091
258.200000;53.967981
258.000000;53.965837
257.800000;53.970992
257.600000;53.968076
257.400000;53.973337
257.200000;53.968499
257.000000;53.962816
256.800000;53.965288
256.600000;53.972798
256.400000;53.964739
256.200000;53.973791
256.000000;53.971129
255.800000;53.970928
255.600000;53.965996
255.400000;53.974118
255.200000;0.000354
255.000000;0.000046
255.200000;0.000036
255.400000;0.000029
255.600000;0.000024
255.800000;0.000021
256.000000;0.000019
256.200000;0.000018
256.400000;0.000017
256.600000;0.000016
256.800000;0.000015
257.000000;0.000015
257.200000;0.000014
257.400000;0.000014
257.600000;0.000013
257.800000;0.000013
258.000000;0.000013
258.200000;0.000013
258.400000;0.000013
258.600000;0.000012
258.800000;0.000012
259.000000;0.000012
259.200000;0.000012
259.400000;0.000012
259.600000;0.000012
259.800000;0.000012
260.000000;0.000012
260.200000;0.000011
260.400000;0.000012
260.600000;0.000012
260.800000;0.000012
261.000000;0.000012
261.200000;0.000012
261.400000;0.000011
261.600000;0.000011
261.800000;0.000011
262.000000;0.000011
262.200000;0.000011
262.400000;0.000011
262.600000;0.000011
262.800000;0.000011
263.000000;0.000011
263.200000;0.000011
263.400000;0.000011
263.600000;0.000011
263.800000;0.000011
264.000000;0.000011
264.200000;0.000011
264.400000;0.000011
264.600000;0.000010
264.800000;0.000010
265.000000;0.000010
265.200000;0.000010
265.400000;0.000010
265.600000;0.000011
265.800000;0.000010
266.000000;0.000010
266.200000;0.000010
266.400000;0.000010
266.600000;0.000010
266.800000;0.000010
267.000000;0.000010
267.200000;0.000010
267.400000;0.000010
267.600000;0.000010
267.800000;0.000010
268.000000;0.000009
268.200000;0.000010
268.400000;0.000010
268.600000;0.000010
268.800000;0.000010
269.000000;0.000009
269.200000;0.000009
269.400000;0.000009
269.600000;0.000009
269.800000;0.000009
270.000000;0.000009
270.200000;0.000009
270.400000;0.000009
270.600000;0.000009
270.800000;0.000009
271.000000;0.000009
271.200000;0.000009
271.400000;0.000009
271.600000;0.000009
271.800000;0.000009
272.000000;0.000008
272.200000;0.000008
272.400000;0.000008
272.600000;0.000009
272.800000;0.000008
273.000000;0.000008
273.200000;0.000008
273.400000;0.000008
273.600000;0.000008
273.800000;0.000008
274.000000;0.000008
274.200000;0.000008
274.400000;0.000008
274.600000;0.000008
274.800000;0.000008
275.000000;0.000009
275.200000;53.962954
275.400000;53.964147
275.600000;53.967189
275.800000;53.964517
276.000000;53.967675
276.200000;53.973559
276.400000;53.968172
276.600000;53.962848
276.800000;53.958475
277.000000;53.963112
277.200000;53.968974
277.400000;53.969154
277.600000;53.966460
277.800000;53.961031
278.000000;53.972006
278.200000;53.964094
278.400000;53.965203
278.600000;53.964802
278.800000;53.968108
279.000000;53.971277
279.200000;53.964454
279.400000;53.965267
279.600000;53.966408
279.800000;53.967274
399.000000;53.971499
399.200000;53.971731
399.400000;53.971626
399.600000;53.974161
399.800000;53.966323
400.000000;53.968214
400.200000;53.971361
400.400000;53.966281
400.600000;53.968964
400.800000;53.969112
401.000000;53.963429
401.200000;53.966313
401.400000;53.960809
401.600000;53.974446
401.800000;53.970770
402.000000;53.966270
402.200000;53.974520
402.400000;53.967580
402.600000;53.968995
402.800000;53.966978
403.000000;53.969566
403.200000;53.966492
403.400000;53.969471
403.600000;53.973062
403.800000;53.977424
404.000000;53.970147
404.200000;53.970622
404.400000;53.970897
404.600000;53.972059
404.800000;53.967052
405.000000;53.976326
405.200000;53.974794
405.400000;53.974499
405.600000;53.972122
405.800000;53.973823
406.000000;53.971995
406.200000;53.974488
406.400000;53.969767
406.600000;53.974731
406.800000;53.974837
407.000000;53.972059
407.200000;53.969429
407.400000;53.974911
407.600000;53.972133
407.800000;53.976780
408.000000;53.971435
408.200000;53.975069
408.400000;53.977710
408.600000;53.972449
408.800000;53.968319
409.000000;53.964285
409.200000;53.973263
409.400000;53.972196
409.600000;53.969312
409.800000;53.964411
410.000000;53.977572
410.200000;13.452522
410.400000;0.000190
410.600000;0.000090
410.800000;0.000057
411.000000;0.000041
411.200000;0.000033
411.400000;0.000027
411.600000;0.000023
411.800000;0.000021
412.000000;0.000016
411.800000;0.000015
411.600000;0.000014
411.400000;0.000014
411.200000;0.000013
411.000000;0.000013
410.800000;0.000013
410.600000;0.000012
410.400000;0.000012
410.200000;0.000012
410.000000;0.000012
409.800000;0.000012
409.600000;0.000012
409.400000;0.000011
409.200000;0.000011
409.000000;0.000011
408.800000;0.000011
408.600000;0.000011
408.400000;0.000011
408.200000;0.000011
408.000000;0.000011
407.800000;0.000011
407.600000;0.000011
407.400000;0.000011
407.200000;0.000010
407.000000;0.000010
406.800000;0.000010
406.600000;0.000010
406.400000;0.000010
406.200000;0.000010
406.000000;0.000010
405.800000;0.000010
405.600000;0.000010
405.400000;0.000010
405.200000;0.000010
405.000000;0.000009
404.800000;53.964116
404.600000;53.966566
404.400000;53.971446
404.200000;53.971626
404.000000;53.968298
403.800000;53.965309
403.600000;53.976696
403.400000;53.973780
403.200000;53.977139
403.000000;53.967453
402.800000;53.969217
402.600000;53.972291
402.400000;53.956458
402.200000;53.967675
402.000000;53.972671
401.800000;53.975639
401.600000;53.973358
401.400000;53.975840
401.200000;53.976051
401.000000;53.965013
400.800000;53.973590
400.600000;53.975048
400.400000;53.967052
400.200000;53.970590
400.000000;53.967918
399.800000;53.979400
399.600000;53.979526
399.400000;53.971826
399.200000;53.969883
399.000000;53.973432
398.800000;53.976505
398.600000;53.974308
398.400000;53.972069
398.200000;53.968890
4000416686;BA180801748
92.000000;53.947543
91.800000;53.943962
91.600000;53.947701
91.400000;53.948177
91.200000;53.940656
91.000000;53.946022
90.800000;53.946296
90.600000;53.944078
90.400000;53.954820
90.200000;53.957292
90.000000;53.941438
89.800000;53.952750
89.600000;53.943550
89.400000;53.947258
89.200000;53.945103
89.000000;53.944818
88.800000;53.952444
88.600000;53.944881
88.400000;53.947511
88.200000;53.953373
88.000000;53.945272
87.800000;53.945367
87.600000;53.942504
87.400000;53.953416
87.200000;53.945652
87.000000;53.950849
86.800000;53.945641
86.600000;53.956679
86.400000;53.943244
86.200000;53.951398
86.000000;53.946032
85.800000;53.945515
85.600000;53.948451
85.400000;53.945641
85.200000;53.951557
85.000000;53.953109
84.800000;53.950902
84.600000;53.951895
84.400000;53.949412
84.200000;53.954303
84.000000;53.952042
83.800000;53.946677
83.600000;51.333806
83.400000;0.000147
83.200000;0.000061
83.000000;0.000036
82.800000;0.000024
82.600000;0.000017
82.400000;0.000013
82.200000;0.000011
82.000000;0.000007
82.200000;0.000007
82.400000;0.000005
82.600000;0.000005
82.800000;0.000005
83.000000;0.000005
83.200000;0.000005
83.400000;0.000005
83.600000;0.000005
83.800000;0.000005
84.000000;0.000005
84.200000;0.000005
84.400000;0.000005
84.600000;0.000004
84.800000;0.000004
85.000000;0.000005
85.200000;0.000005
85.400000;0.000005
85.600000;0.000005
85.800000;0.000004
86.000000;0.000005
86.200000;0.000004
86.400000;0.000004
86.600000;0.000004
86.800000;0.000004
87.000000;0.000004
87.200000;0.000004
87.400000;0.000004
87.600000;0.000004
87.800000;0.000004
88.000000;0.000004
88.200000;0.000004
88.400000;0.000004
88.600000;0.000004
88.800000;0.000004
89.000000;0.000004
89.200000;0.000004
89.400000;0.000004
89.600000;0.000004
89.800000;0.000004
90.000000;0.000004
90.200000;0.000007
90.400000;53.951895
90.600000;53.946096
90.800000;53.958887
91.000000;53.951588
91.200000;53.954556
91.400000;53.949655
91.600000;53.947427
91.800000;53.961137
282.000000;53.958908
282.200000;53.959563
282.400000;53.948895
282.600000;53.956595
282.800000;53.956130
283.000000;53.954113
283.200000;53.959436
283.400000;53.954694
283.600000;53.949972
283.800000;53.954651
284.000000;53.959658
284.200000;53.965087
284.400000;53.954229
284.600000;53.954905
284.800000;53.952391
285.000000;53.959711
285.200000;53.953542
285.400000;53.952528
285.600000;53.957334
285.800000;53.960271
286.000000;53.957366
286.200000;53.952222
286.400000;53.951535
286.600000;53.959415
286.800000;53.954335
287.000000;53.955496
287.200000;53.968003
287.400000;53.963281
287.600000;53.965943
287.800000;53.954356
288.000000;53.965753
288.200000;0.000561
288.400000;0.000104
288.600000;0.000053
288.800000;0.000034
289.000000;0.000024
289.200000;0.000018
289.400000;0.000015
289.600000;0.000013
289.800000;0.000011
290.000000;0.000010
290.200000;0.000009
290.400000;0.000009
290.600000;0.000008
290.800000;0.000008
291.000000;0.000007
291.200000;0.000007
291.400000;0.000007
291.600000;0.000007
291.800000;0.000007
292.000000;0.000007
291.800000;0.000007
291.600000;0.000007
291.400000;0.000006
291.200000;0.000007
291.000000;0.000006
290.800000;0.000006
290.600000;0.000006
290.400000;0.000006
290.200000;0.000006
290.000000;0.000006
289.800000;0.000006
289.600000;0.000006
289.400000;0.000006
289.200000;0.000006
289.000000;0.000006
288.800000;0.000006
288.600000;0.000006
288.400000;0.000006
288.200000;0.000006
288.000000;0.000005
287.800000;0.000006
287.600000;0.000006
287.400000;0.000006
287.200000;0.000006
287.000000;0.000005
286.800000;0.000006
286.600000;0.000006
286.400000;0.000006
286.200000;0.000005
286.000000;0.000006
285.800000;0.000006
285.600000;0.000005
285.400000;0.000005
285.200000;0.000005
285.000000;0.000005
284.800000;0.000005
284.600000;53.643593
284.400000;53.956954
284.200000;53.952983
284.000000;53.965299
283.800000;53.954588
283.600000;53.955782
283.400000;53.958623
283.200000;53.952972
283.000000;53.964961
282.800000;53.947606
282.600000;53.958972
282.400000;53.966534
282.200000;53.962183
280.000000;53.957345
279.800000;53.949782
279.600000;53.957398
279.400000;53.955222
279.200000;53.961517
279.000000;53.958296
278.800000;53.956817
278.600000;53.961633
278.400000;53.960894
278.200000;53.953965
278.000000;53.957091
277.800000;53.968636
277.600000;53.958380
277.400000;53.955845
277.200000;53.952666
277.000000;53.961264
276.800000;53.950754
276.600000;53.958803
276.400000;53.960799
276.200000;53.959626
276.000000;53.957926
275.800000;53.953743
275.600000;53.953912
275.400000;53.950912
275.200000;53.956584
275.000000;53.959848
274.800000;53.957567
274.600000;53.959859
274.400000;53.959753
274.200000;53.961992
274.000000;53.953067
273.800000;53.950923
273.600000;53.949529
273.400000;53.959964
273.200000;53.959310
273.000000;53.958148
272.800000;53.951990
272.600000;53.950976
272.400000;53.953035
272.200000;53.954102
272.000000;53.948219
271.800000;53.952349
271.600000;53.960461
271.400000;53.956088
271.200000;53.964137
271.000000;53.961390
270.800000;53.964527
270.600000;53.960176
270.400000;53.965003
270.200000;53.963038
270.000000;53.962193
269.800000;53.961464
269.600000;53.953944
269.400000;53.959489
269.200000;53.954092
269.000000;53.963492
268.800000;53.964401
268.600000;53.958781
268.400000;53.962457
268.200000;53.960852
268.000000;53.956743
267.800000;53.962626
267.600000;53.959288
267.400000;53.964559
267.200000;53.961845
267.000000;53.957398
266.800000;53.962352
266.600000;53.957567
266.400000;53.961274
266.200000;53.959817
266.000000;53.959817
265.800000;53.953954
265.600000;53.962552
265.400000;53.961992
265.200000;53.965108
265.000000;53.957218
264.800000;53.969196
264.600000;53.959035
264.400000;53.959901
264.200000;53.955116
264.000000;53.957450
263.800000;53.954609
263.600000;53.966080
263.400000;53.962732
263.200000;53.967517
263.000000;53.964496
262.800000;53.958887
262.600000;53.958095
262.400000;53.970981
262.200000;53.954408
262.000000;53.957123
261.800000;53.957862
261.600000;53.956827
261.400000;53.964918
261.200000;53.963028
261.000000;53.960355
260.800000;53.961813
260.600000;53.959880
260.400000;53.965341
260.200000;53.965457
260.000000;53.950416
259.800000;53.966017
259.600000;53.958211
259.400000;53.959964
259.200000;53.957324
259.000000;53.961390
258.800000;53.963260
258.600000;53.962637
258.400000;53.952317
258.200000;53.962510
258.000000;53.954979
257.800000;53.970580
257.600000;53.962816
257.400000;53.966027
257.200000;53.960662
257.000000;53.962700
256.800000;53.956035
256.600000;53.962837
256.400000;53.959848
256.200000;53.962478
256.000000;53.960366
255.800000;53.960218
255.600000;53.956796
255.400000;53.960947
255.200000;53.961000
255.000000;0.000072
255.200000;0.000049
255.400000;0.000036
255.600000;0.000029
255.800000;0.000023
256.000000;0.000020
256.200000;0.000018
256.400000;0.000016
256.600000;0.000015
256.800000;0.000014
257.000000;0.000014
257.200000;0.000013
257.400000;0.000013
257.600000;0.000012
257.800000;0.000012
258.000000;0.000012
258.200000;0.000012
258.400000;0.000011
258.600000;0.000011
258.800000;0.000011
259.000000;0.000011
259.200000;0.000011
259.400000;0.000011
259.600000;0.000010
259.800000;0.000011
260.000000;0.000011
260.200000;0.000011
260.400000;0.000010
260.600000;0.000010
260.800000;0.000011
261.000000;0.000010
261.200000;0.000010
261.400000;0.000010
261.600000;0.000010
261.800000;0.000010
262.000000;0.000010
262.200000;0.000010
262.400000;0.000010
262.600000;0.000009
262.800000;0.000010
263.000000;0.000010
263.200000;0.000009
263.400000;0.000009
263.600000;0.000010
263.800000;0.000009
264.000000;0.000009
264.200000;0.000009
264.400000;0.000009
264.600000;0.000009
264.800000;0.000009
265.000000;0.000009
265.200000;0.000009
265.400000;0.000009
265.600000;0.000009
265.800000;0.000009
266.000000;0.000009
266.200000;0.000009
266.400000;0.000009
266.600000;0.000009
266.800000;0.000009
267.000000;0.000008
267.200000;0.000009
267.400000;0.000008
267.600000;0.000008
267.800000;0.000008
268.000000;0.000008
268.200000;0.000008
268.400000;0.000008
268.600000;0.000008
268.800000;0.000008
269.000000;0.000008
269.200000;0.000008
269.400000;0.000008
269.600000;0.000008
269.800000;0.000008
270.000000;0.000008
270.200000;0.000008
270.400000;0.000008
270.600000;0.000008
270.800000;0.000007
271.000000;0.000008
271.200000;0.000007
271.400000;0.000007
271.600000;0.000007
271.800000;0.000007
272.000000;0.000007
272.200000;0.000007
272.400000;0.000007
272.600000;0.000007
272.800000;0.000007
273.000000;0.000007
273.200000;0.000007
273.400000;0.000007
273.600000;0.000006
273.800000;0.000007
274.000000;0.000006
274.200000;0.000006
274.400000;0.000006
274.600000;0.000007
274.800000;0.000007
275.000000;0.000008
275.200000;53.954134
275.400000;53.956109
275.600000;53.959193
275.800000;53.955824
276.000000;53.966122
276.200000;53.952338
276.400000;53.964623
276.600000;53.959869
276.800000;53.959690
277.000000;53.957820
277.200000;53.957947
277.400000;53.970675
277.600000;53.959890
277.800000;53.965330
278.000000;53.960862
278.200000;53.969017
278.400000;53.955444
278.600000;53.960482
278.800000;53.961496
279.000000;53.955222
279.200000;53.960133
279.400000;53.965510
279.600000;53.963545
279.800000;53.969576
399.000000;53.964865
399.200000;53.962711
399.400000;53.960609
399.600000;53.961253
399.800000;53.965003
400.000000;53.969112
400.200000;53.954092
400.400000;53.970717
400.600000;53.960250
400.800000;53.971277
401.000000;53.955074
401.200000;53.965362
401.400000;53.965214
401.600000;53.960503
401.800000;53.962626
402.000000;53.962943
402.200000;53.966555
402.400000;53.960007
402.600000;53.970474
402.800000;53.970696
403.000000;53.965214
403.200000;53.966756
403.400000;53.973442
403.600000;53.961897
403.800000;53.967538
404.000000;53.966323
404.200000;53.970559
404.400000;53.956954
404.600000;53.966027
404.800000;53.965098
405.000000;53.963197
405.200000;53.962774
405.400000;53.969154
405.600000;53.957387
405.800000;53.964031
406.000000;53.964823
406.200000;53.960070
406.400000;53.962711
406.600000;53.970369
406.800000;53.964887
407.000000;53.956595
407.200000;53.967115
407.400000;53.967443
407.600000;53.967548
407.800000;53.962299
408.000000;53.967295
408.200000;53.957334
408.400000;53.958824
408.600000;53.964454
408.800000;53.959552
409.000000;53.956975
409.200000;53.953965
409.400000;53.962964
409.600000;53.961538
409.800000;53.961982
410.000000;53.961845
410.200000;0.000823
410.400000;0.000150
410.600000;0.000078
410.800000;0.000050
411.000000;0.000038
411.200000;0.000029
411.400000;0.000024
411.600000;0.000021
411.800000;0.000019
412.000000;0.000014
411.800000;0.000013
411.600000;0.000013
411.400000;0.000012
411.200000;0.000012
411.000000;0.000011
410.800000;0.000011
410.600000;0.000011
410.400000;0.000011
410.200000;0.000011
410.000000;0.000010
409.800000;0.000011
409.600000;0.000010
409.400000;0.000010
409.200000;0.000010
409.000000;0.000010
408.800000;0.000010
408.600000;0.000010
408.400000;0.000010
408.200000;0.000010
408.000000;0.000010
407.800000;0.000010
407.600000;0.000010
407.400000;0.000010
407.200000;0.000010
407.000000;0.000010
406.800000;0.000010
406.600000;0.000009
406.400000;0.000010
406.200000;0.000009
406.000000;0.000009
405.800000;0.000010
405.600000;0.000009
405.400000;0.000009
405.200000;0.000009
405.000000;0.000009
404.800000;53.961063
404.600000;53.965869
404.400000;53.964443
404.200000;53.961961
404.000000;53.962531
403.800000;53.958549
403.600000;53.959415
403.400000;53.964855
403.200000;53.966967
403.000000;53.964950
402.800000;53.970728
402.600000;53.955813
402.400000;53.959468
402.200000;53.957662
402.000000;53.970854
401.800000;53.957852
401.600000;53.965246
401.400000;53.957229
401.200000;53.963387
401.000000;53.960883
400.800000;53.958116
400.600000;53.959521
400.400000;53.962605
400.200000;53.964126
400.000000;53.972270
399.800000;53.963091
399.600000;53.968573
399.400000;53.961369
399.200000;53.966165
399.000000;53.966017
398.800000;53.960651
398.600000;53.963271
398.400000;53.964263
398.200000;53.966070
4000416686;BA180801748
